10 100 10 100 10 100 10 100 10 100 10 100 10 100 10 100 10 100 10 100 10 100 10 100 10 100 10 100 10 100 10 100 10 100 10 100 10 100 10 100 10 100 10 100 10 100 10 100 10 100 10 100 10 100 10 100 10 100 10 100 10 100 10 100

440.00 -64.89 -0.00 -76.54 -0.00 -114.55 -0.00 -326.21 
0.00 -0.00 -0.00 -0.00 -0.00 -0.00 -0.00 -0.00 
-0.00 0.00 0.00 0.00 0.00 0.00 0.00 0.00 
0.00 -0.00 -0.00 -0.00 -0.00 -0.00 -0.00 -0.00 
-0.00 0.00 0.00 0.00 0.00 0.00 0.00 0.00 
0.00 -0.00 -0.00 -0.00 -0.00 -0.00 -0.00 -0.00 
-0.00 0.00 0.00 0.00 0.00 0.00 0.00 0.00 
0.00 -0.00 -0.00 -0.00 -0.00 -0.00 -0.00 -0.00


10 10 10 10 10 10 10 10 100 100 100 100 100 100 100 100 10 10 10 10 10 10 10 10 100 100 100 100 100 100 100 100 10 10 10 10 10 10 10 10 100 100 100 100 100 100 100 100 10 10 10 10 10 10 10 10 100 100 100 100 100 100 100 100

440.00 0.00 -0.00 0.00 -0.00 0.00 -0.00 0.00 
-64.89 -0.00 0.00 -0.00 0.00 -0.00 0.00 -0.00 
-0.00 -0.00 0.00 -0.00 0.00 -0.00 0.00 -0.00 
-76.54 -0.00 0.00 -0.00 0.00 -0.00 0.00 -0.00 
-0.00 -0.00 0.00 -0.00 0.00 -0.00 0.00 -0.00 
-114.55 -0.00 0.00 -0.00 0.00 -0.00 0.00 -0.00 
-0.00 -0.00 0.00 -0.00 0.00 -0.00 0.00 -0.00 
-326.21 -0.00 0.00 -0.00 0.00 -0.00 0.00 -0.00


10 100 10 100 10 100 10 100 100 10 100 10 100 10 100 10 10 100 10 100 10 100 10 100 100 10 100 10 100 10 100 10 10 100 10 100 10 100 10 100 100 10 100 10 100 10 100 10 10 100 10 100 10 100 10 100 100 10 100 10 100 10 100 10

440.00 0.00 -0.00 0.00 -0.00 0.00 -0.00 0.00 
0.00 -11.70 -0.00 -13.80 -0.00 -20.65 -0.00 -58.80 
-0.00 -0.00 0.00 -0.00 0.00 -0.00 0.00 -0.00 
0.00 -13.80 -0.00 -16.27 -0.00 -24.35 -0.00 -69.35 
-0.00 -0.00 0.00 -0.00 0.00 -0.00 0.00 -0.00 
0.00 -20.65 -0.00 -24.35 -0.00 -36.45 -0.00 -103.80 
-0.00 -0.00 0.00 -0.00 0.00 -0.00 0.00 -0.00 
0.00 -58.80 -0.00 -69.35 -0.00 -103.80 -0.00 -295.58
